[gd_scene load_steps=14 format=2]

[ext_resource path="res://Main.gd" type="Script" id=1]
[ext_resource path="res://Floor.tscn" type="PackedScene" id=2]
[ext_resource path="res://GoalPiece.tscn" type="PackedScene" id=3]
[ext_resource path="res://Ball.tscn" type="PackedScene" id=4]
[ext_resource path="res://Walls.tscn" type="PackedScene" id=5]
[ext_resource path="res://Ramp.tscn" type="PackedScene" id=6]
[ext_resource path="res://Player.tscn" type="PackedScene" id=7]
[ext_resource path="res://Player.gd" type="Script" id=8]
[ext_resource path="res://Box.tscn" type="PackedScene" id=9]
[ext_resource path="res://Box.gd" type="Script" id=10]

[sub_resource type="BoxShape" id=1]

[sub_resource type="ProceduralSky" id=2]

[sub_resource type="Environment" id=3]
background_mode = 2
background_sky = SubResource( 2 )
ambient_light_color = Color( 1, 1, 1, 1 )
ambient_light_energy = 0.5
ambient_light_sky_contribution = 0.5

[node name="Main" type="Spatial"]
transform = Transform( -1, 0, -8.74228e-08, 0, 1, 0, 8.74228e-08, 0, -1, 0, 0, 0 )
script = ExtResource( 1 )

[node name="Floor" parent="." instance=ExtResource( 2 )]

[node name="EndPlatform" parent="." instance=ExtResource( 2 )]
transform = Transform( 7.54979e-08, 0, -1, 0, 1, 0, 1, 0, 7.54979e-08, 1.90735e-06, 5.5, 50.5 )

[node name="GoalPiece" parent="EndPlatform" instance=ExtResource( 3 )]
transform = Transform( 1.86857e-08, 0, -0.2475, 0, 3.885, 0, 0.2475, 0, 1.86857e-08, 0, 3.46112, 9.74885 )

[node name="Ball" parent="EndPlatform" instance=ExtResource( 4 )]
transform = Transform( 1, 0, 0, 0, 1, 0, 0, 0, 1, 0, 2.5, 0 )
mass = 30.0
linear_damp = 0.8
angular_damp = 0.8

[node name="Area" type="Area" parent="EndPlatform"]
transform = Transform( 2.49979, 0, 3.98109e-07, 0, 2.71925, 0, 3.98109e-07, 0, 0.0562186, -3.16569, 2.83942, 9.95335 )

[node name="CollisionShape" type="CollisionShape" parent="EndPlatform/Area"]
shape = SubResource( 1 )

[node name="Walls" parent="." instance=ExtResource( 5 )]
transform = Transform( 1, 0, 0, 0, 1, 0, 0, 0, 1, -9.5, 1.5, 0 )

[node name="Walls2" parent="." instance=ExtResource( 5 )]
transform = Transform( 1, 0, 0, 0, 1, 0, 0, 0, 1, 9.5, 1.5, 0 )

[node name="Walls3" parent="." instance=ExtResource( 5 )]
transform = Transform( -4.37114e-08, 0, -0.9025, 0, 1, 0, 1, 0, -3.94495e-08, 0, 1.5, 9.5 )

[node name="Walls4" parent="." instance=ExtResource( 5 )]
transform = Transform( -4.37114e-08, 0, -0.9025, 0, 1, 0, 1, 0, -3.94495e-08, 0, 1.5, -9.5 )

[node name="Ramp" parent="." instance=ExtResource( 6 )]
transform = Transform( -1, 1.39907e-08, 8.21506e-08, -1.49502e-08, 0.939693, -0.34202, -8.19814e-08, -0.34202, -0.939693, 2.38419e-07, 5, 16 )

[node name="Player" parent="." instance=ExtResource( 7 )]
transform = Transform( 1, 0, 0, 0, -4.37114e-08, -1, 0, 1, -4.37114e-08, 0, 2, 0 )
script = ExtResource( 8 )

[node name="Camera" type="Camera" parent="Player"]
transform = Transform( -1, 6.69697e-08, -5.61943e-08, 8.74228e-08, 0.766044, -0.642788, -3.82137e-15, -0.642788, -0.766044, 0, -7.1066, -12.9054 )
environment = SubResource( 3 )
current = true

[node name="Box" parent="." instance=ExtResource( 9 )]
transform = Transform( 1, 0, 0, 0, 1, 0, 0, 0, 1, -7, 1.5, 5.5 )
script = ExtResource( 10 )

[node name="Panel" type="Panel" parent="."]
anchor_left = 0.5
anchor_top = 0.5
anchor_right = 0.5
anchor_bottom = 0.5
margin_left = -168.0
margin_top = -64.5
margin_right = 168.0
margin_bottom = 64.5

[node name="Label" type="Label" parent="Panel"]
anchor_left = 0.5
anchor_top = 0.5
anchor_right = 0.5
anchor_bottom = 0.5
margin_left = -28.0
margin_top = -7.0
margin_right = 28.0
margin_bottom = 7.0
text = "You Win!"

[node name="DirectionalLight" type="DirectionalLight" parent="."]
transform = Transform( 0.950687, 0.0976798, 0.294368, -0.22218, -0.447738, 0.866122, 0.216403, -0.888813, -0.403956, 0, 13.8112, 0 )
light_energy = 0.5
shadow_enabled = true
[connection signal="body_entered" from="EndPlatform/Area" to="." method="_on_Area_body_entered"]
[connection signal="body_entered" from="Box" to="Box" method="_on_Box_body_entered"]
