[gd_scene load_steps=4 format=2]

[ext_resource path="res://sobel-filter.shader" type="Shader" id=1]

[sub_resource type="ShaderMaterial" id=1]
shader = ExtResource( 1 )

[sub_resource type="CubeMesh" id=2]

[node name="Main SinglePass" type="Node2D"]

[node name="Final Post Process" type="ViewportContainer" parent="."]
material = SubResource( 1 )
anchor_right = 1.0
anchor_bottom = 1.0
margin_right = 1024.0
margin_bottom = 600.0

[node name="Viewport" type="Viewport" parent="Final Post Process"]
size = Vector2( 1024, 600 )
transparent_bg = true
handle_input_locally = false
render_target_update_mode = 3

[node name="MeshInstance" type="MeshInstance" parent="Final Post Process/Viewport"]
transform = Transform( 0.790498, -0.285833, 0.541675, 0.612372, 0.353553, -0.707107, 0.0106032, 0.890674, 0.454519, -10, 0, -10 )
mesh = SubResource( 2 )
material/0 = null

[node name="MeshInstance5" type="MeshInstance" parent="Final Post Process/Viewport"]
transform = Transform( 0.790498, -0.285833, 0.541675, 0.612372, 0.353553, -0.707107, 0.0106032, 0.890674, 0.454519, -10, 0, 0 )
mesh = SubResource( 2 )
material/0 = null

[node name="MeshInstance8" type="MeshInstance" parent="Final Post Process/Viewport"]
transform = Transform( 0.790498, -0.285833, 0.541675, 0.612372, 0.353553, -0.707107, 0.0106032, 0.890674, 0.454519, -10, 0, 10 )
mesh = SubResource( 2 )
material/0 = null

[node name="MeshInstance2" type="MeshInstance" parent="Final Post Process/Viewport"]
transform = Transform( 0.790498, -0.285833, 0.541675, 0.612372, 0.353553, -0.707107, 0.0106032, 0.890674, 0.454519, 0, 0, -10 )
mesh = SubResource( 2 )
material/0 = null

[node name="MeshInstance4" type="MeshInstance" parent="Final Post Process/Viewport"]
transform = Transform( 0.790498, -0.285833, 0.541675, 0.612372, 0.353553, -0.707107, 0.0106032, 0.890674, 0.454519, 0, 0, 0 )
mesh = SubResource( 2 )
material/0 = null

[node name="MeshInstance7" type="MeshInstance" parent="Final Post Process/Viewport"]
transform = Transform( 0.790498, -0.285833, 0.541675, 0.612372, 0.353553, -0.707107, 0.0106032, 0.890674, 0.454519, 0, 0, 10 )
mesh = SubResource( 2 )
material/0 = null

[node name="MeshInstance3" type="MeshInstance" parent="Final Post Process/Viewport"]
transform = Transform( 0.790498, -0.285833, 0.541675, 0.612372, 0.353553, -0.707107, 0.0106032, 0.890674, 0.454519, 10, 0, -10 )
mesh = SubResource( 2 )
material/0 = null

[node name="MeshInstance6" type="MeshInstance" parent="Final Post Process/Viewport"]
transform = Transform( 0.790498, -0.285833, 0.541675, 0.612372, 0.353553, -0.707107, 0.0106032, 0.890674, 0.454519, 10, 0, 0 )
mesh = SubResource( 2 )
material/0 = null

[node name="MeshInstance9" type="MeshInstance" parent="Final Post Process/Viewport"]
transform = Transform( 0.790498, -0.285833, 0.541675, 0.612372, 0.353553, -0.707107, 0.0106032, 0.890674, 0.454519, 10, 0, 10 )
mesh = SubResource( 2 )
material/0 = null

[node name="Camera" type="Camera" parent="Final Post Process/Viewport"]
transform = Transform( 0.95284, 0.0943737, -0.288426, -0.0150259, 0.963923, 0.265759, 0.303101, -0.248891, 0.919882, -7.74566, 3.88599, 19.3909 )
current = true
